g m_plated_burrito_meat_01
v -0.04948064 0.09587959 0.4061908
v -0.04191594 0.1066613 0.2777875
v -0.05896306 0.1188492 0.2778058
v -0.06652898 0.1080675 0.4062097
v 0.08773372 0.1053567 0.415072
v 0.09529963 0.1161384 0.2866687
v 0.1028082 0.1197631 0.4171692
v 0.1103729 0.1305448 0.2887665
v 0.09525813 0.1307831 0.2716785
v -0.04195745 0.121306 0.2627973
v -0.0406696 0.2336282 0.273454
v -0.06656926 0.2298329 0.2931293
v -0.05896306 0.1188492 0.2778058
v 0.07714534 0.2417653 0.2810797
v 0.07701838 0.2507918 0.3032556
v -0.04359563 0.2427329 0.2939826
v 0.1103729 0.1305448 0.2887665
v 0.1006158 0.241346 0.3048657
v -0.05980901 0.2330964 0.4106244
v -0.07338078 0.2201257 0.4087353
v -0.06656926 0.2298329 0.2931293
v 0.07883357 0.2425905 0.4185199
v 0.07757746 0.2281138 0.4409979
v -0.05963811 0.2186367 0.4321173
v 0.1006158 0.241346 0.3048657
v 0.09392146 0.2318042 0.4185034
v -0.05141423 0.1078292 0.4232977
v -0.06652898 0.1080675 0.4062097
v -0.07338078 0.2201257 0.4087353
v 0.08580134 0.1173063 0.4321789
v 0.08773372 0.1053567 0.415072
v -0.04948064 0.09587959 0.4061908
v 0.09392146 0.2318042 0.4185034
v 0.1028082 0.1197631 0.4171692
v 0.1006158 0.241346 0.3048657
v 0.1103729 0.1305448 0.2887665
v -0.05896306 0.1188492 0.2778058
v -0.06656926 0.2298329 0.2931293
v -0.04587019 0.09785497 -0.004205756
v -0.06964704 0.09730604 -0.1385576
v -0.08350447 0.1144235 -0.1361748
v -0.05972639 0.1149724 -0.001822944
v 0.09500505 0.0702107 -0.02902448
v 0.0712282 0.06966177 -0.1633763
v 0.1141274 0.08085679 -0.03245221
v 0.09034929 0.08030786 -0.166804
v 0.07088762 0.08347492 -0.1806901
v -0.0699864 0.1111192 -0.1558714
v -0.04805403 0.226798 -0.1602257
v -0.06157087 0.2301023 -0.140529
v -0.08350447 0.1144235 -0.1361748
v 0.09282122 0.1991538 -0.185045
v 0.09522112 0.2138757 -0.16442
v -0.03794416 0.2400069 -0.1409593
v 0.09034929 0.08030786 -0.166804
v 0.1122817 0.1959867 -0.1711583
v -0.005577221 0.2375482 -0.01409162
v -0.03779402 0.2306512 -0.006177192
v -0.06157087 0.2301023 -0.140529
v 0.1080971 0.2152418 -0.03411847
v 0.1122316 0.2028175 -0.01678022
v -0.008022289 0.2264155 0.004406304
v 0.1122817 0.1959867 -0.1711583
v 0.1360597 0.1965356 -0.03680646
v -0.04026594 0.1118053 0.01206378
v -0.05972639 0.1149724 -0.001822944
v -0.03779402 0.2306512 -0.006177192
v 0.1006093 0.08416107 -0.01275556
v 0.09500505 0.0702107 -0.02902448
v -0.04587019 0.09785497 -0.004205756
v 0.1360597 0.1965356 -0.03680646
v 0.1141274 0.08085679 -0.03245221
v 0.1122817 0.1959867 -0.1711583
v 0.09034929 0.08030786 -0.166804
v -0.08350447 0.1144235 -0.1361748
v -0.06157087 0.2301023 -0.140529
v 0.06712785 0.1148577 -0.2683259
v -0.0546385 0.1123907 -0.2856556
v -0.0572032 0.1234274 -0.2692085
v 0.06456316 0.1258943 -0.2518787
v 0.08525286 0.128837 -0.3976753
v -0.0365135 0.12637 -0.415005
v 0.08693254 0.1431461 -0.4115077
v -0.03483503 0.1406792 -0.4288374
v -0.05217512 0.1387346 -0.4158632
v -0.07030012 0.1247553 -0.2865138
v -0.07399031 0.2303604 -0.2756178
v -0.06089216 0.2290325 -0.2583119
v -0.0572032 0.1234274 -0.2692085
v -0.05586408 0.2443397 -0.4049672
v -0.04108869 0.2573209 -0.4014936
v -0.05921369 0.2433416 -0.2721443
v -0.03483503 0.1406792 -0.4288374
v -0.038524 0.2462842 -0.4179408
v 0.06255266 0.2458085 -0.2548145
v 0.06087419 0.2314994 -0.2409821
v -0.06089216 0.2290325 -0.2583119
v 0.08067888 0.2597878 -0.3841639
v 0.09590227 0.2437929 -0.3797096
v 0.07887712 0.2306623 -0.2582142
v -0.038524 0.2462842 -0.4179408
v 0.08324236 0.2487511 -0.4006111
v 0.0823427 0.1314692 -0.2684486
v 0.06456316 0.1258943 -0.2518787
v 0.06087419 0.2314994 -0.2409821
v 0.09936784 0.1445998 -0.389944
v 0.08525286 0.128837 -0.3976753
v 0.06712785 0.1148577 -0.2683259
v 0.08324236 0.2487511 -0.4006111
v 0.08693254 0.1431461 -0.4115077
v -0.038524 0.2462842 -0.4179408
v -0.03483503 0.1406792 -0.4288374
v -0.0572032 0.1234274 -0.2692085
v -0.06089216 0.2290325 -0.2583119
vt 0.8168945 0.7836914
vt 0.8168945 0.7441406
vt 0.8120117 0.7441406
vt 0.8120117 0.7836914
vt 0.8569336 0.7836914
vt 0.8569336 0.7441406
vt 0.8618164 0.7836914
vt 0.8618164 0.7441406
vt 0.8569336 0.734375
vt 0.8168945 0.734375
vt 0.8168945 0.6943359
vt 0.8120117 0.6943359
vt 0.8120117 0.734375
vt 0.8569336 0.6943359
vt 0.8569336 0.6845703
vt 0.8168945 0.6845703
vt 0.8618164 0.734375
vt 0.8618164 0.6943359
vt 0.8168945 0.6450195
vt 0.8120117 0.6450195
vt 0.8120117 0.6845703
vt 0.8569336 0.6450195
vt 0.8569336 0.6352539
vt 0.8168945 0.6352539
vt 0.8618164 0.6845703
vt 0.8618164 0.6450195
vt 0.8168945 0.5952148
vt 0.8071289 0.5952148
vt 0.8071289 0.6352539
vt 0.8569336 0.5952148
vt 0.8569336 0.5908203
vt 0.8168945 0.5908203
vt 0.8666992 0.6352539
vt 0.8666992 0.5952148
vt 0.90625 0.6352539
vt 0.90625 0.5952148
vt 0.7675781 0.5952148
vt 0.7675781 0.6352539
vt 0.8168945 0.7836914
vt 0.8168945 0.7441406
vt 0.8120117 0.7441406
vt 0.8120117 0.7836914
vt 0.8569336 0.7836914
vt 0.8569336 0.7441406
vt 0.8618164 0.7836914
vt 0.8618164 0.7441406
vt 0.8569336 0.734375
vt 0.8168945 0.734375
vt 0.8168945 0.6943359
vt 0.8120117 0.6943359
vt 0.8120117 0.734375
vt 0.8569336 0.6943359
vt 0.8569336 0.6845703
vt 0.8168945 0.6845703
vt 0.8618164 0.734375
vt 0.8618164 0.6943359
vt 0.8168945 0.6450195
vt 0.8120117 0.6450195
vt 0.8120117 0.6845703
vt 0.8569336 0.6450195
vt 0.8569336 0.6352539
vt 0.8168945 0.6352539
vt 0.8618164 0.6845703
vt 0.8618164 0.6450195
vt 0.8168945 0.5952148
vt 0.8071289 0.5952148
vt 0.8071289 0.6352539
vt 0.8569336 0.5952148
vt 0.8569336 0.5908203
vt 0.8168945 0.5908203
vt 0.8666992 0.6352539
vt 0.8666992 0.5952148
vt 0.90625 0.6352539
vt 0.90625 0.5952148
vt 0.7675781 0.5952148
vt 0.7675781 0.6352539
vt 0.8168945 0.7836914
vt 0.8168945 0.7441406
vt 0.8120117 0.7441406
vt 0.8120117 0.7836914
vt 0.8569336 0.7836914
vt 0.8569336 0.7441406
vt 0.8618164 0.7836914
vt 0.8618164 0.7441406
vt 0.8569336 0.734375
vt 0.8168945 0.734375
vt 0.8168945 0.6943359
vt 0.8120117 0.6943359
vt 0.8120117 0.734375
vt 0.8569336 0.6943359
vt 0.8569336 0.6845703
vt 0.8168945 0.6845703
vt 0.8618164 0.734375
vt 0.8618164 0.6943359
vt 0.8168945 0.6450195
vt 0.8120117 0.6450195
vt 0.8120117 0.6845703
vt 0.8569336 0.6450195
vt 0.8569336 0.6352539
vt 0.8168945 0.6352539
vt 0.8618164 0.6845703
vt 0.8618164 0.6450195
vt 0.8168945 0.5952148
vt 0.8071289 0.5952148
vt 0.8071289 0.6352539
vt 0.8569336 0.5952148
vt 0.8569336 0.5908203
vt 0.8168945 0.5908203
vt 0.8666992 0.6352539
vt 0.8666992 0.5952148
vt 0.90625 0.6352539
vt 0.90625 0.5952148
vt 0.7675781 0.5952148
vt 0.7675781 0.6352539
vn 0.07378341 -0.9941302 -0.07912684
vn 0.07378341 -0.9941302 -0.07912684
vn -0.9955502 -0.06876014 -0.0644351
vn -0.9955502 -0.06876014 -0.0644351
vn 0.07378341 -0.9941302 -0.07912684
vn 0.07378341 -0.9941302 -0.07912684
vn 0.9955502 0.06876014 0.0644351
vn 0.9955502 0.06876014 0.0644351
vn 0.05861612 0.083529 -0.9947799
vn 0.05861612 0.083529 -0.9947799
vn 0.05861612 0.083529 -0.9947799
vn -0.9955502 -0.06876014 -0.0644351
vn -0.9955502 -0.06876014 -0.0644351
vn 0.05861612 0.083529 -0.9947799
vn -0.07378341 0.9941302 0.07912684
vn -0.07378341 0.9941302 0.07912684
vn 0.9955502 0.06876014 0.0644351
vn 0.9955502 0.06876014 0.0644351
vn -0.07378341 0.9941302 0.07912684
vn -0.9955502 -0.06876014 -0.0644351
vn -0.9955502 -0.06876014 -0.0644351
vn -0.07378341 0.9941302 0.07912684
vn -0.05861612 -0.083529 0.9947799
vn -0.05861612 -0.083529 0.9947799
vn 0.9955502 0.06876014 0.0644351
vn 0.9955502 0.06876014 0.0644351
vn -0.05861612 -0.083529 0.9947799
vn -0.9955502 -0.06876014 -0.0644351
vn -0.9955502 -0.06876014 -0.0644351
vn -0.05861612 -0.083529 0.9947799
vn 0.07378341 -0.9941302 -0.07912684
vn 0.07378341 -0.9941302 -0.07912684
vn 0.9955502 0.06876014 0.0644351
vn 0.9955502 0.06876014 0.0644351
vn 0.9955502 0.06876014 0.0644351
vn 0.9955502 0.06876014 0.0644351
vn -0.9955502 -0.06876014 -0.0644351
vn -0.9955502 -0.06876014 -0.0644351
vn -0.1861551 -0.9818251 0.03695751
vn -0.1861551 -0.9818251 0.03695751
vn -0.9669415 0.1897456 0.1703553
vn -0.9669415 0.1897456 0.1703553
vn -0.1861551 -0.9818251 0.03695751
vn -0.1861551 -0.9818251 0.03695751
vn 0.9669415 -0.1897456 -0.1703553
vn 0.9669415 -0.1897456 -0.1703553
vn -0.1742716 -0.004023243 -0.9846895
vn -0.1742716 -0.004023243 -0.9846895
vn -0.1742716 -0.004023243 -0.9846895
vn -0.9669415 0.1897456 0.1703553
vn -0.9669415 0.1897456 0.1703553
vn -0.1742716 -0.004023243 -0.9846895
vn 0.1861551 0.9818251 -0.03695751
vn 0.1861551 0.9818251 -0.03695751
vn 0.9669415 -0.1897456 -0.1703553
vn 0.9669415 -0.1897456 -0.1703553
vn 0.1861551 0.9818251 -0.03695751
vn -0.9669415 0.1897456 0.1703553
vn -0.9669415 0.1897456 0.1703553
vn 0.1861551 0.9818251 -0.03695751
vn 0.1742716 0.004023243 0.9846895
vn 0.1742716 0.004023243 0.9846895
vn 0.9669415 -0.1897456 -0.1703553
vn 0.9669415 -0.1897456 -0.1703553
vn 0.1742716 0.004023243 0.9846895
vn -0.9669415 0.1897456 0.1703553
vn -0.9669415 0.1897456 0.1703553
vn 0.1742716 0.004023243 0.9846895
vn -0.1861551 -0.9818251 0.03695751
vn -0.1861551 -0.9818251 0.03695751
vn 0.9669415 -0.1897456 -0.1703553
vn 0.9669415 -0.1897456 -0.1703553
vn 0.9669415 -0.1897456 -0.1703553
vn 0.9669415 -0.1897456 -0.1703553
vn -0.9669415 0.1897456 0.1703553
vn -0.9669415 0.1897456 0.1703553
vn 0.03473788 -0.9941189 -0.1025707
vn 0.03473788 -0.9941189 -0.1025707
vn -0.1379856 -0.1064206 0.9847003
vn -0.1379856 -0.1064206 0.9847003
vn 0.03473788 -0.9941189 -0.1025707
vn 0.03473788 -0.9941189 -0.1025707
vn 0.1379856 0.1064206 -0.9847003
vn 0.1379856 0.1064206 -0.9847003
vn -0.9898248 -0.02005313 -0.140871
vn -0.9898248 -0.02005313 -0.140871
vn -0.9898248 -0.02005313 -0.140871
vn -0.1379856 -0.1064206 0.9847003
vn -0.1379856 -0.1064206 0.9847003
vn -0.9898248 -0.02005313 -0.140871
vn -0.03473788 0.9941189 0.1025707
vn -0.03473788 0.9941189 0.1025707
vn 0.1379856 0.1064206 -0.9847003
vn 0.1379856 0.1064206 -0.9847003
vn -0.03473788 0.9941189 0.1025707
vn -0.1379856 -0.1064206 0.9847003
vn -0.1379856 -0.1064206 0.9847003
vn -0.03473788 0.9941189 0.1025707
vn 0.9898248 0.02005313 0.140871
vn 0.9898248 0.02005313 0.140871
vn 0.1379856 0.1064206 -0.9847003
vn 0.1379856 0.1064206 -0.9847003
vn 0.9898248 0.02005313 0.140871
vn -0.1379856 -0.1064206 0.9847003
vn -0.1379856 -0.1064206 0.9847003
vn 0.9898248 0.02005313 0.140871
vn 0.03473788 -0.9941189 -0.1025707
vn 0.03473788 -0.9941189 -0.1025707
vn 0.1379856 0.1064206 -0.9847003
vn 0.1379856 0.1064206 -0.9847003
vn 0.1379856 0.1064206 -0.9847003
vn 0.1379856 0.1064206 -0.9847003
vn -0.1379856 -0.1064206 0.9847003
vn -0.1379856 -0.1064206 0.9847003
g m_plated_burrito_meat_01_0
f 3/3/3 2/2/2 1/1/1
f 4/4/4 3/3/3 1/1/1
f 5/5/5 1/1/1 2/2/2
f 6/6/6 5/5/5 2/2/2
f 5/5/5 6/6/6 7/7/7
f 6/6/6 8/8/8 7/7/7
f 9/9/9 6/6/6 2/2/2
f 10/10/10 9/9/9 2/2/2
f 9/9/9 10/10/10 11/11/11
f 11/11/11 10/10/10 12/12/12
f 10/10/10 13/13/13 12/12/12
f 10/10/10 2/2/2 13/13/13
f 14/14/14 9/9/9 11/11/11
f 15/15/15 14/14/14 11/11/11
f 16/16/16 15/15/15 11/11/11
f 17/17/17 9/9/9 14/14/14
f 9/9/9 17/17/17 6/6/6
f 18/18/18 17/17/17 14/14/14
f 15/15/15 16/16/16 19/19/19
f 19/19/19 16/16/16 20/20/20
f 16/16/16 21/21/21 20/20/20
f 16/16/16 11/11/11 21/21/21
f 22/22/22 15/15/15 19/19/19
f 23/23/23 22/22/22 19/19/19
f 24/24/24 23/23/23 19/19/19
f 25/25/25 15/15/15 22/22/22
f 15/15/15 25/25/25 14/14/14
f 26/26/26 25/25/25 22/22/22
f 23/23/23 24/24/24 27/27/27
f 27/27/27 24/24/24 28/28/28
f 24/24/24 29/29/29 28/28/28
f 24/24/24 19/19/19 29/29/29
f 30/30/30 23/23/23 27/27/27
f 31/31/31 30/30/30 27/27/27
f 32/32/32 31/31/31 27/27/27
f 27/27/27 28/28/28 32/32/32
f 33/33/33 23/23/23 30/30/30
f 23/23/23 33/33/33 22/22/22
f 34/34/34 33/33/33 30/30/30
f 30/30/30 31/31/31 34/34/34
f 35/35/35 33/33/33 34/34/34
f 36/36/36 35/35/35 34/34/34
f 28/28/28 29/29/29 37/37/37
f 29/29/29 38/38/38 37/37/37
f 41/41/41 40/40/40 39/39/39
f 42/42/42 41/41/41 39/39/39
f 43/43/43 39/39/39 40/40/40
f 44/44/44 43/43/43 40/40/40
f 43/43/43 44/44/44 45/45/45
f 44/44/44 46/46/46 45/45/45
f 47/47/47 44/44/44 40/40/40
f 48/48/48 47/47/47 40/40/40
f 47/47/47 48/48/48 49/49/49
f 49/49/49 48/48/48 50/50/50
f 48/48/48 51/51/51 50/50/50
f 48/48/48 40/40/40 51/51/51
f 52/52/52 47/47/47 49/49/49
f 53/53/53 52/52/52 49/49/49
f 54/54/54 53/53/53 49/49/49
f 55/55/55 47/47/47 52/52/52
f 47/47/47 55/55/55 44/44/44
f 56/56/56 55/55/55 52/52/52
f 53/53/53 54/54/54 57/57/57
f 57/57/57 54/54/54 58/58/58
f 54/54/54 59/59/59 58/58/58
f 54/54/54 49/49/49 59/59/59
f 60/60/60 53/53/53 57/57/57
f 61/61/61 60/60/60 57/57/57
f 62/62/62 61/61/61 57/57/57
f 63/63/63 53/53/53 60/60/60
f 53/53/53 63/63/63 52/52/52
f 64/64/64 63/63/63 60/60/60
f 61/61/61 62/62/62 65/65/65
f 65/65/65 62/62/62 66/66/66
f 62/62/62 67/67/67 66/66/66
f 62/62/62 57/57/57 67/67/67
f 68/68/68 61/61/61 65/65/65
f 69/69/69 68/68/68 65/65/65
f 70/70/70 69/69/69 65/65/65
f 65/65/65 66/66/66 70/70/70
f 71/71/71 61/61/61 68/68/68
f 61/61/61 71/71/71 60/60/60
f 72/72/72 71/71/71 68/68/68
f 68/68/68 69/69/69 72/72/72
f 73/73/73 71/71/71 72/72/72
f 74/74/74 73/73/73 72/72/72
f 66/66/66 67/67/67 75/75/75
f 67/67/67 76/76/76 75/75/75
f 79/79/79 78/78/78 77/77/77
f 80/80/80 79/79/79 77/77/77
f 81/81/81 77/77/77 78/78/78
f 82/82/82 81/81/81 78/78/78
f 81/81/81 82/82/82 83/83/83
f 82/82/82 84/84/84 83/83/83
f 85/85/85 82/82/82 78/78/78
f 86/86/86 85/85/85 78/78/78
f 85/85/85 86/86/86 87/87/87
f 87/87/87 86/86/86 88/88/88
f 86/86/86 89/89/89 88/88/88
f 86/86/86 78/78/78 89/89/89
f 90/90/90 85/85/85 87/87/87
f 91/91/91 90/90/90 87/87/87
f 92/92/92 91/91/91 87/87/87
f 93/93/93 85/85/85 90/90/90
f 85/85/85 93/93/93 82/82/82
f 94/94/94 93/93/93 90/90/90
f 91/91/91 92/92/92 95/95/95
f 95/95/95 92/92/92 96/96/96
f 92/92/92 97/97/97 96/96/96
f 92/92/92 87/87/87 97/97/97
f 98/98/98 91/91/91 95/95/95
f 99/99/99 98/98/98 95/95/95
f 100/100/100 99/99/99 95/95/95
f 101/101/101 91/91/91 98/98/98
f 91/91/91 101/101/101 90/90/90
f 102/102/102 101/101/101 98/98/98
f 99/99/99 100/100/100 103/103/103
f 103/103/103 100/100/100 104/104/104
f 100/100/100 105/105/105 104/104/104
f 100/100/100 95/95/95 105/105/105
f 106/106/106 99/99/99 103/103/103
f 107/107/107 106/106/106 103/103/103
f 108/108/108 107/107/107 103/103/103
f 103/103/103 104/104/104 108/108/108
f 109/109/109 99/99/99 106/106/106
f 99/99/99 109/109/109 98/98/98
f 110/110/110 109/109/109 106/106/106
f 106/106/106 107/107/107 110/110/110
f 111/111/111 109/109/109 110/110/110
f 112/112/112 111/111/111 110/110/110
f 104/104/104 105/105/105 113/113/113
f 105/105/105 114/114/114 113/113/113
